2022/06/12-00:30:51.706424 217bbc600 RocksDB version: 6.22.0
2022/06/12-00:30:51.706472 217bbc600 Git sha 0
2022/06/12-00:30:51.706474 217bbc600 Compile date 2000-01-01
2022/06/12-00:30:51.706475 217bbc600 DB SUMMARY
2022/06/12-00:30:51.706476 217bbc600 DB Session ID:  XIMLEIBX18XO315LCAKA
2022/06/12-00:30:51.706618 217bbc600 CURRENT file:  CURRENT
2022/06/12-00:30:51.706620 217bbc600 IDENTITY file:  IDENTITY
2022/06/12-00:30:51.706644 217bbc600 MANIFEST file:  MANIFEST-000649 size: 62 Bytes
2022/06/12-00:30:51.706646 217bbc600 SST files in .//rocksdb dir, Total Num: 0, files: 
2022/06/12-00:30:51.706648 217bbc600 Write Ahead Log file in .//rocksdb: 000650.log size: 0 ; 
2022/06/12-00:30:51.706654 217bbc600                         Options.error_if_exists: 0
2022/06/12-00:30:51.706655 217bbc600                       Options.create_if_missing: 1
2022/06/12-00:30:51.706656 217bbc600                         Options.paranoid_checks: 1
2022/06/12-00:30:51.706657 217bbc600             Options.flush_verify_memtable_count: 1
2022/06/12-00:30:51.706658 217bbc600                               Options.track_and_verify_wals_in_manifest: 0
2022/06/12-00:30:51.706658 217bbc600                                     Options.env: 0x10d8a2238
2022/06/12-00:30:51.706660 217bbc600                                      Options.fs: Posix File System
2022/06/12-00:30:51.706661 217bbc600                                Options.info_log: 0x13a78fd80
2022/06/12-00:30:51.706662 217bbc600                Options.max_file_opening_threads: 16
2022/06/12-00:30:51.706663 217bbc600                              Options.statistics: 0x0
2022/06/12-00:30:51.706664 217bbc600                               Options.use_fsync: 0
2022/06/12-00:30:51.706664 217bbc600                       Options.max_log_file_size: 0
2022/06/12-00:30:51.706666 217bbc600                  Options.max_manifest_file_size: 1073741824
2022/06/12-00:30:51.706666 217bbc600                   Options.log_file_time_to_roll: 0
2022/06/12-00:30:51.706667 217bbc600                       Options.keep_log_file_num: 1000
2022/06/12-00:30:51.706668 217bbc600                    Options.recycle_log_file_num: 0
2022/06/12-00:30:51.706669 217bbc600                         Options.allow_fallocate: 1
2022/06/12-00:30:51.706670 217bbc600                        Options.allow_mmap_reads: 0
2022/06/12-00:30:51.706670 217bbc600                       Options.allow_mmap_writes: 0
2022/06/12-00:30:51.706671 217bbc600                        Options.use_direct_reads: 0
2022/06/12-00:30:51.706672 217bbc600                        Options.use_direct_io_for_flush_and_compaction: 0
2022/06/12-00:30:51.706673 217bbc600          Options.create_missing_column_families: 0
2022/06/12-00:30:51.706674 217bbc600                              Options.db_log_dir: 
2022/06/12-00:30:51.706675 217bbc600                                 Options.wal_dir: .//rocksdb
2022/06/12-00:30:51.706675 217bbc600                Options.table_cache_numshardbits: 6
2022/06/12-00:30:51.706676 217bbc600                         Options.WAL_ttl_seconds: 0
2022/06/12-00:30:51.706677 217bbc600                       Options.WAL_size_limit_MB: 0
2022/06/12-00:30:51.706678 217bbc600                        Options.max_write_batch_group_size_bytes: 1048576
2022/06/12-00:30:51.706679 217bbc600             Options.manifest_preallocation_size: 4194304
2022/06/12-00:30:51.706679 217bbc600                     Options.is_fd_close_on_exec: 1
2022/06/12-00:30:51.706680 217bbc600                   Options.advise_random_on_open: 1
2022/06/12-00:30:51.706681 217bbc600                   Options.experimental_allow_mempurge: 0
2022/06/12-00:30:51.706682 217bbc600                    Options.db_write_buffer_size: 0
2022/06/12-00:30:51.706683 217bbc600                    Options.write_buffer_manager: 0x13a4e5f60
2022/06/12-00:30:51.706684 217bbc600         Options.access_hint_on_compaction_start: 1
2022/06/12-00:30:51.706684 217bbc600  Options.new_table_reader_for_compaction_inputs: 0
2022/06/12-00:30:51.706685 217bbc600           Options.random_access_max_buffer_size: 1048576
2022/06/12-00:30:51.706686 217bbc600                      Options.use_adaptive_mutex: 0
2022/06/12-00:30:51.706698 217bbc600                            Options.rate_limiter: 0x0
2022/06/12-00:30:51.706701 217bbc600     Options.sst_file_manager.rate_bytes_per_sec: 0
2022/06/12-00:30:51.706702 217bbc600                       Options.wal_recovery_mode: 2
2022/06/12-00:30:51.706703 217bbc600                  Options.enable_thread_tracking: 0
2022/06/12-00:30:51.706704 217bbc600                  Options.enable_pipelined_write: 0
2022/06/12-00:30:51.706705 217bbc600                  Options.unordered_write: 0
2022/06/12-00:30:51.706705 217bbc600         Options.allow_concurrent_memtable_write: 1
2022/06/12-00:30:51.706706 217bbc600      Options.enable_write_thread_adaptive_yield: 1
2022/06/12-00:30:51.706707 217bbc600             Options.write_thread_max_yield_usec: 100
2022/06/12-00:30:51.706708 217bbc600            Options.write_thread_slow_yield_usec: 3
2022/06/12-00:30:51.706709 217bbc600                               Options.row_cache: None
2022/06/12-00:30:51.706709 217bbc600                              Options.wal_filter: None
2022/06/12-00:30:51.706710 217bbc600             Options.avoid_flush_during_recovery: 0
2022/06/12-00:30:51.706711 217bbc600             Options.allow_ingest_behind: 0
2022/06/12-00:30:51.706712 217bbc600             Options.preserve_deletes: 0
2022/06/12-00:30:51.706713 217bbc600             Options.two_write_queues: 0
2022/06/12-00:30:51.706713 217bbc600             Options.manual_wal_flush: 0
2022/06/12-00:30:51.706714 217bbc600             Options.atomic_flush: 0
2022/06/12-00:30:51.706715 217bbc600             Options.avoid_unnecessary_blocking_io: 0
2022/06/12-00:30:51.706716 217bbc600                 Options.persist_stats_to_disk: 0
2022/06/12-00:30:51.706717 217bbc600                 Options.write_dbid_to_manifest: 0
2022/06/12-00:30:51.706718 217bbc600                 Options.log_readahead_size: 0
2022/06/12-00:30:51.706718 217bbc600                 Options.file_checksum_gen_factory: Unknown
2022/06/12-00:30:51.706719 217bbc600                 Options.best_efforts_recovery: 0
2022/06/12-00:30:51.706720 217bbc600                Options.max_bgerror_resume_count: 2147483647
2022/06/12-00:30:51.706721 217bbc600            Options.bgerror_resume_retry_interval: 1000000
2022/06/12-00:30:51.706722 217bbc600             Options.allow_data_in_errors: 0
2022/06/12-00:30:51.706723 217bbc600             Options.db_host_id: __hostname__
2022/06/12-00:30:51.706724 217bbc600             Options.max_background_jobs: 2
2022/06/12-00:30:51.706724 217bbc600             Options.max_background_compactions: -1
2022/06/12-00:30:51.706725 217bbc600             Options.max_subcompactions: 1
2022/06/12-00:30:51.706726 217bbc600             Options.avoid_flush_during_shutdown: 0
2022/06/12-00:30:51.706727 217bbc600           Options.writable_file_max_buffer_size: 1048576
2022/06/12-00:30:51.706728 217bbc600             Options.delayed_write_rate : 16777216
2022/06/12-00:30:51.706729 217bbc600             Options.max_total_wal_size: 0
2022/06/12-00:30:51.706729 217bbc600             Options.delete_obsolete_files_period_micros: 21600000000
2022/06/12-00:30:51.706730 217bbc600                   Options.stats_dump_period_sec: 600
2022/06/12-00:30:51.706731 217bbc600                 Options.stats_persist_period_sec: 600
2022/06/12-00:30:51.706732 217bbc600                 Options.stats_history_buffer_size: 1048576
2022/06/12-00:30:51.706733 217bbc600                          Options.max_open_files: -1
2022/06/12-00:30:51.706734 217bbc600                          Options.bytes_per_sync: 0
2022/06/12-00:30:51.706734 217bbc600                      Options.wal_bytes_per_sync: 0
2022/06/12-00:30:51.706735 217bbc600                   Options.strict_bytes_per_sync: 0
2022/06/12-00:30:51.706736 217bbc600       Options.compaction_readahead_size: 0
2022/06/12-00:30:51.706737 217bbc600                  Options.max_background_flushes: -1
2022/06/12-00:30:51.706738 217bbc600 Compression algorithms supported:
2022/06/12-00:30:51.706742 217bbc600 	kZSTD supported: 1
2022/06/12-00:30:51.706743 217bbc600 	kZlibCompression supported: 1
2022/06/12-00:30:51.706757 217bbc600 	kXpressCompression supported: 0
2022/06/12-00:30:51.706758 217bbc600 	kSnappyCompression supported: 1
2022/06/12-00:30:51.706759 217bbc600 	kZSTDNotFinalCompression supported: 1
2022/06/12-00:30:51.706760 217bbc600 	kLZ4HCCompression supported: 1
2022/06/12-00:30:51.706761 217bbc600 	kLZ4Compression supported: 1
2022/06/12-00:30:51.706762 217bbc600 	kBZip2Compression supported: 0
2022/06/12-00:30:51.706767 217bbc600 Fast CRC32 supported: Supported on x86
2022/06/12-00:30:51.706994 217bbc600 [db/version_set.cc:4604] Recovering from manifest file: .//rocksdb/MANIFEST-000649
2022/06/12-00:30:51.707064 217bbc600 [db/column_family.cc:605] --------------- Options for column family [default]:
2022/06/12-00:30:51.707065 217bbc600               Options.comparator: leveldb.BytewiseComparator
2022/06/12-00:30:51.707066 217bbc600           Options.merge_operator: None
2022/06/12-00:30:51.707067 217bbc600        Options.compaction_filter: None
2022/06/12-00:30:51.707068 217bbc600        Options.compaction_filter_factory: None
2022/06/12-00:30:51.707069 217bbc600  Options.sst_partitioner_factory: None
2022/06/12-00:30:51.707070 217bbc600         Options.memtable_factory: SkipListFactory
2022/06/12-00:30:51.707071 217bbc600            Options.table_factory: BlockBasedTable
2022/06/12-00:30:51.707093 217bbc600            table_factory options:   flush_block_policy_factory: FlushBlockBySizePolicyFactory (0x13a7c7220)
  cache_index_and_filter_blocks: 0
  cache_index_and_filter_blocks_with_high_priority: 1
  pin_l0_filter_and_index_blocks_in_cache: 0
  pin_top_level_index_and_filter: 1
  index_type: 0
  data_block_index_type: 0
  index_shortening: 1
  data_block_hash_table_util_ratio: 0.750000
  hash_index_allow_collision: 1
  checksum: 1
  no_block_cache: 0
  block_cache: 0x13a791618
  block_cache_name: LRUCache
  block_cache_options:
    capacity : 268435456
    num_shard_bits : 6
    strict_capacity_limit : 0
    memory_allocator : None
    high_pri_pool_ratio: 0.500
  block_cache_compressed: 0x0
  persistent_cache: 0x0
  block_size: 4096
  block_size_deviation: 10
  block_restart_interval: 16
  index_block_restart_interval: 1
  metadata_block_size: 4096
  partition_filters: 0
  use_delta_encoding: 1
  filter_policy: nullptr
  whole_key_filtering: 1
  verify_compression: 0
  read_amp_bytes_per_bit: 0
  format_version: 5
  enable_index_compression: 1
  block_align: 0
  max_auto_readahead_size: 262144
  prepopulate_block_cache: 0
2022/06/12-00:30:51.707098 217bbc600        Options.write_buffer_size: 67108864
2022/06/12-00:30:51.707099 217bbc600  Options.max_write_buffer_number: 2
2022/06/12-00:30:51.707103 217bbc600          Options.compression: Snappy
2022/06/12-00:30:51.707105 217bbc600                  Options.bottommost_compression: Disabled
2022/06/12-00:30:51.707106 217bbc600       Options.prefix_extractor: nullptr
2022/06/12-00:30:51.707107 217bbc600   Options.memtable_insert_with_hint_prefix_extractor: nullptr
2022/06/12-00:30:51.707108 217bbc600             Options.num_levels: 7
2022/06/12-00:30:51.707108 217bbc600        Options.min_write_buffer_number_to_merge: 1
2022/06/12-00:30:51.707109 217bbc600     Options.max_write_buffer_number_to_maintain: 0
2022/06/12-00:30:51.707110 217bbc600     Options.max_write_buffer_size_to_maintain: 0
2022/06/12-00:30:51.707111 217bbc600            Options.bottommost_compression_opts.window_bits: -14
2022/06/12-00:30:51.707112 217bbc600                  Options.bottommost_compression_opts.level: 32767
2022/06/12-00:30:51.707113 217bbc600               Options.bottommost_compression_opts.strategy: 0
2022/06/12-00:30:51.707113 217bbc600         Options.bottommost_compression_opts.max_dict_bytes: 0
2022/06/12-00:30:51.707114 217bbc600         Options.bottommost_compression_opts.zstd_max_train_bytes: 0
2022/06/12-00:30:51.707115 217bbc600         Options.bottommost_compression_opts.parallel_threads: 1
2022/06/12-00:30:51.707116 217bbc600                  Options.bottommost_compression_opts.enabled: false
2022/06/12-00:30:51.707120 217bbc600         Options.bottommost_compression_opts.max_dict_buffer_bytes: 0
2022/06/12-00:30:51.707130 217bbc600            Options.compression_opts.window_bits: -14
2022/06/12-00:30:51.707131 217bbc600                  Options.compression_opts.level: 32767
2022/06/12-00:30:51.707132 217bbc600               Options.compression_opts.strategy: 0
2022/06/12-00:30:51.707133 217bbc600         Options.compression_opts.max_dict_bytes: 0
2022/06/12-00:30:51.707133 217bbc600         Options.compression_opts.zstd_max_train_bytes: 0
2022/06/12-00:30:51.707134 217bbc600         Options.compression_opts.parallel_threads: 1
2022/06/12-00:30:51.707135 217bbc600                  Options.compression_opts.enabled: false
2022/06/12-00:30:51.707136 217bbc600         Options.compression_opts.max_dict_buffer_bytes: 0
2022/06/12-00:30:51.707137 217bbc600      Options.level0_file_num_compaction_trigger: 4
2022/06/12-00:30:51.707138 217bbc600          Options.level0_slowdown_writes_trigger: 20
2022/06/12-00:30:51.707139 217bbc600              Options.level0_stop_writes_trigger: 36
2022/06/12-00:30:51.707140 217bbc600                   Options.target_file_size_base: 67108864
2022/06/12-00:30:51.707140 217bbc600             Options.target_file_size_multiplier: 1
2022/06/12-00:30:51.707141 217bbc600                Options.max_bytes_for_level_base: 268435456
2022/06/12-00:30:51.707142 217bbc600 Options.level_compaction_dynamic_level_bytes: 0
2022/06/12-00:30:51.707143 217bbc600          Options.max_bytes_for_level_multiplier: 10.000000
2022/06/12-00:30:51.707144 217bbc600 Options.max_bytes_for_level_multiplier_addtl[0]: 1
2022/06/12-00:30:51.707145 217bbc600 Options.max_bytes_for_level_multiplier_addtl[1]: 1
2022/06/12-00:30:51.707146 217bbc600 Options.max_bytes_for_level_multiplier_addtl[2]: 1
2022/06/12-00:30:51.707147 217bbc600 Options.max_bytes_for_level_multiplier_addtl[3]: 1
2022/06/12-00:30:51.707148 217bbc600 Options.max_bytes_for_level_multiplier_addtl[4]: 1
2022/06/12-00:30:51.707149 217bbc600 Options.max_bytes_for_level_multiplier_addtl[5]: 1
2022/06/12-00:30:51.707149 217bbc600 Options.max_bytes_for_level_multiplier_addtl[6]: 1
2022/06/12-00:30:51.707150 217bbc600       Options.max_sequential_skip_in_iterations: 8
2022/06/12-00:30:51.707151 217bbc600                    Options.max_compaction_bytes: 1677721600
2022/06/12-00:30:51.707152 217bbc600                        Options.arena_block_size: 1048576
2022/06/12-00:30:51.707153 217bbc600   Options.soft_pending_compaction_bytes_limit: 68719476736
2022/06/12-00:30:51.707154 217bbc600   Options.hard_pending_compaction_bytes_limit: 274877906944
2022/06/12-00:30:51.707155 217bbc600       Options.rate_limit_delay_max_milliseconds: 100
2022/06/12-00:30:51.707155 217bbc600                Options.disable_auto_compactions: 0
2022/06/12-00:30:51.707157 217bbc600                        Options.compaction_style: kCompactionStyleLevel
2022/06/12-00:30:51.707158 217bbc600                          Options.compaction_pri: kMinOverlappingRatio
2022/06/12-00:30:51.707159 217bbc600 Options.compaction_options_universal.size_ratio: 1
2022/06/12-00:30:51.707159 217bbc600 Options.compaction_options_universal.min_merge_width: 2
2022/06/12-00:30:51.707160 217bbc600 Options.compaction_options_universal.max_merge_width: 4294967295
2022/06/12-00:30:51.707161 217bbc600 Options.compaction_options_universal.max_size_amplification_percent: 200
2022/06/12-00:30:51.707162 217bbc600 Options.compaction_options_universal.compression_size_percent: -1
2022/06/12-00:30:51.707163 217bbc600 Options.compaction_options_universal.stop_style: kCompactionStopStyleTotalSize
2022/06/12-00:30:51.707164 217bbc600 Options.compaction_options_fifo.max_table_files_size: 1073741824
2022/06/12-00:30:51.707165 217bbc600 Options.compaction_options_fifo.allow_compaction: 0
2022/06/12-00:30:51.707167 217bbc600                   Options.table_properties_collectors: 
2022/06/12-00:30:51.707168 217bbc600                   Options.inplace_update_support: 0
2022/06/12-00:30:51.707169 217bbc600                 Options.inplace_update_num_locks: 10000
2022/06/12-00:30:51.707179 217bbc600               Options.memtable_prefix_bloom_size_ratio: 0.000000
2022/06/12-00:30:51.707180 217bbc600               Options.memtable_whole_key_filtering: 0
2022/06/12-00:30:51.707181 217bbc600   Options.memtable_huge_page_size: 0
2022/06/12-00:30:51.707182 217bbc600                           Options.bloom_locality: 0
2022/06/12-00:30:51.707183 217bbc600                    Options.max_successive_merges: 0
2022/06/12-00:30:51.707183 217bbc600                Options.optimize_filters_for_hits: 0
2022/06/12-00:30:51.707184 217bbc600                Options.paranoid_file_checks: 0
2022/06/12-00:30:51.707185 217bbc600                Options.force_consistency_checks: 1
2022/06/12-00:30:51.707186 217bbc600                Options.report_bg_io_stats: 0
2022/06/12-00:30:51.707187 217bbc600                               Options.ttl: 2592000
2022/06/12-00:30:51.707188 217bbc600          Options.periodic_compaction_seconds: 0
2022/06/12-00:30:51.707189 217bbc600                    Options.enable_blob_files: false
2022/06/12-00:30:51.707189 217bbc600                        Options.min_blob_size: 0
2022/06/12-00:30:51.707190 217bbc600                       Options.blob_file_size: 268435456
2022/06/12-00:30:51.707192 217bbc600                Options.blob_compression_type: NoCompression
2022/06/12-00:30:51.707192 217bbc600       Options.enable_blob_garbage_collection: false
2022/06/12-00:30:51.707193 217bbc600   Options.blob_garbage_collection_age_cutoff: 0.250000
2022/06/12-00:30:51.708105 217bbc600 [db/version_set.cc:4652] Recovered from manifest file:.//rocksdb/MANIFEST-000649 succeeded,manifest_file_number is 649, next_file_number is 651, last_sequence is 0, log_number is 646,prev_log_number is 0,max_column_family is 0,min_log_number_to_keep is 0
2022/06/12-00:30:51.708110 217bbc600 [db/version_set.cc:4661] Column family [default] (ID 0), log number is 646
2022/06/12-00:30:51.708449 217bbc600 [db/version_set.cc:4141] Creating manifest 653
2022/06/12-00:30:51.709013 217bbc600 EVENT_LOG_v1 {"time_micros": 1654983051709001, "job": 1, "event": "recovery_started", "wal_files": [650]}
2022/06/12-00:30:51.709017 217bbc600 [db/db_impl/db_impl_open.cc:857] Recovering log #650 mode 2
2022/06/12-00:30:51.709049 217bbc600 [db/version_set.cc:4141] Creating manifest 654
2022/06/12-00:30:51.709363 217bbc600 EVENT_LOG_v1 {"time_micros": 1654983051709360, "job": 1, "event": "recovery_finished"}
2022/06/12-00:30:51.709776 217bbc600 [file/delete_scheduler.cc:77] Deleted file .//rocksdb/000650.log immediately, rate_bytes_per_sec 0, total_trash_size 0 max_trash_db_ratio 0.250000
2022/06/12-00:30:51.711607 217bbc600 [db/db_impl/db_impl_open.cc:1763] SstFileManager instance 0x13a315f80
2022/06/12-00:30:51.711747 217bbc600 DB pointer 0x13a2fd000
2022/06/12-00:30:51.712016 31cb3a000 [db/db_impl/db_impl.cc:978] ------- DUMPING STATS -------
2022/06/12-00:30:51.712022 31cb3a000 [db/db_impl/db_impl.cc:979] 
** DB Stats **
Uptime(secs): 0.0 total, 0.0 interval
Cumulative writes: 0 writes, 0 keys, 0 commit groups, 0.0 writes per commit group, ingest: 0.00 GB, 0.00 MB/s
Cumulative WAL: 0 writes, 0 syncs, 0.00 writes per sync, written: 0.00 GB, 0.00 MB/s
Cumulative stall: 00:00:0.000 H:M:S, 0.0 percent
Interval writes: 0 writes, 0 keys, 0 commit groups, 0.0 writes per commit group, ingest: 0.00 MB, 0.00 MB/s
Interval WAL: 0 writes, 0 syncs, 0.00 writes per sync, written: 0.00 GB, 0.00 MB/s
Interval stall: 00:00:0.000 H:M:S, 0.0 percent

** Compaction Stats [default] **
Level    Files   Size     Score Read(GB)  Rn(GB) Rnp1(GB) Write(GB) Wnew(GB) Moved(GB) W-Amp Rd(MB/s) Wr(MB/s) Comp(sec) CompMergeCPU(sec) Comp(cnt) Avg(sec) KeyIn KeyDrop Rblob(GB) Wblob(GB)
------------------------------------------------------------------------------------------------------------------------------------------------------------------------------------------------
 Sum      0/0    0.00 KB   0.0      0.0     0.0      0.0       0.0      0.0       0.0   0.0      0.0      0.0      0.00              0.00         0    0.000       0      0       0.0       0.0
 Int      0/0    0.00 KB   0.0      0.0     0.0      0.0       0.0      0.0       0.0   0.0      0.0      0.0      0.00              0.00         0    0.000       0      0       0.0       0.0

** Compaction Stats [default] **
Priority    Files   Size     Score Read(GB)  Rn(GB) Rnp1(GB) Write(GB) Wnew(GB) Moved(GB) W-Amp Rd(MB/s) Wr(MB/s) Comp(sec) CompMergeCPU(sec) Comp(cnt) Avg(sec) KeyIn KeyDrop Rblob(GB) Wblob(GB)
---------------------------------------------------------------------------------------------------------------------------------------------------------------------------------------------------

Blob file count: 0, total size: 0.0 GB

Uptime(secs): 0.0 total, 0.0 interval
Flush(GB): cumulative 0.000, interval 0.000
AddFile(GB): cumulative 0.000, interval 0.000
AddFile(Total Files): cumulative 0, interval 0
AddFile(L0 Files): cumulative 0, interval 0
AddFile(Keys): cumulative 0, interval 0
Cumulative compaction: 0.00 GB write, 0.00 MB/s write, 0.00 GB read, 0.00 MB/s read, 0.0 seconds
Interval compaction: 0.00 GB write, 0.00 MB/s write, 0.00 GB read, 0.00 MB/s read, 0.0 seconds
Stalls(count): 0 level0_slowdown, 0 level0_slowdown_with_compaction, 0 level0_numfiles, 0 level0_numfiles_with_compaction, 0 stop for pending_compaction_bytes, 0 slowdown for pending_compaction_bytes, 0 memtable_compaction, 0 memtable_slowdown, interval 0 total count
Block cache LRUCache@0x13a791618 capacity: 256.00 MB collections: 1 last_copies: 0 last_secs: 3.8e-05 secs_since: 0
Block cache entry stats(count,size,portion): Misc(1,0.00 KB,0%)

** File Read Latency Histogram By Level [default] **
2022/06/12-01:08:24.340858 31cb3a000 [db/db_impl/db_impl.cc:978] ------- DUMPING STATS -------
2022/06/12-01:08:24.340986 31cb3a000 [db/db_impl/db_impl.cc:979] 
** DB Stats **
Uptime(secs): 2252.6 total, 2252.6 interval
Cumulative writes: 0 writes, 0 keys, 0 commit groups, 0.0 writes per commit group, ingest: 0.00 GB, 0.00 MB/s
Cumulative WAL: 0 writes, 0 syncs, 0.00 writes per sync, written: 0.00 GB, 0.00 MB/s
Cumulative stall: 00:00:0.000 H:M:S, 0.0 percent
Interval writes: 0 writes, 0 keys, 0 commit groups, 0.0 writes per commit group, ingest: 0.00 MB, 0.00 MB/s
Interval WAL: 0 writes, 0 syncs, 0.00 writes per sync, written: 0.00 GB, 0.00 MB/s
Interval stall: 00:00:0.000 H:M:S, 0.0 percent

** Compaction Stats [default] **
Level    Files   Size     Score Read(GB)  Rn(GB) Rnp1(GB) Write(GB) Wnew(GB) Moved(GB) W-Amp Rd(MB/s) Wr(MB/s) Comp(sec) CompMergeCPU(sec) Comp(cnt) Avg(sec) KeyIn KeyDrop Rblob(GB) Wblob(GB)
------------------------------------------------------------------------------------------------------------------------------------------------------------------------------------------------
 Sum      0/0    0.00 KB   0.0      0.0     0.0      0.0       0.0      0.0       0.0   0.0      0.0      0.0      0.00              0.00         0    0.000       0      0       0.0       0.0
 Int      0/0    0.00 KB   0.0      0.0     0.0      0.0       0.0      0.0       0.0   0.0      0.0      0.0      0.00              0.00         0    0.000       0      0       0.0       0.0

** Compaction Stats [default] **
Priority    Files   Size     Score Read(GB)  Rn(GB) Rnp1(GB) Write(GB) Wnew(GB) Moved(GB) W-Amp Rd(MB/s) Wr(MB/s) Comp(sec) CompMergeCPU(sec) Comp(cnt) Avg(sec) KeyIn KeyDrop Rblob(GB) Wblob(GB)
---------------------------------------------------------------------------------------------------------------------------------------------------------------------------------------------------

Blob file count: 0, total size: 0.0 GB

Uptime(secs): 2252.6 total, 2252.6 interval
Flush(GB): cumulative 0.000, interval 0.000
AddFile(GB): cumulative 0.000, interval 0.000
AddFile(Total Files): cumulative 0, interval 0
AddFile(L0 Files): cumulative 0, interval 0
AddFile(Keys): cumulative 0, interval 0
Cumulative compaction: 0.00 GB write, 0.00 MB/s write, 0.00 GB read, 0.00 MB/s read, 0.0 seconds
Interval compaction: 0.00 GB write, 0.00 MB/s write, 0.00 GB read, 0.00 MB/s read, 0.0 seconds
Stalls(count): 0 level0_slowdown, 0 level0_slowdown_with_compaction, 0 level0_numfiles, 0 level0_numfiles_with_compaction, 0 stop for pending_compaction_bytes, 0 slowdown for pending_compaction_bytes, 0 memtable_compaction, 0 memtable_slowdown, interval 0 total count
Block cache LRUCache@0x13a791618 capacity: 256.00 MB collections: 2 last_copies: 0 last_secs: 9.6e-05 secs_since: 0
Block cache entry stats(count,size,portion): Misc(1,0.00 KB,0%)

** File Read Latency Histogram By Level [default] **
2022/06/12-01:25:50.294993 31cb3a000 [db/db_impl/db_impl.cc:978] ------- DUMPING STATS -------
2022/06/12-01:25:50.295049 31cb3a000 [db/db_impl/db_impl.cc:979] 
** DB Stats **
Uptime(secs): 3298.6 total, 1046.0 interval
Cumulative writes: 0 writes, 0 keys, 0 commit groups, 0.0 writes per commit group, ingest: 0.00 GB, 0.00 MB/s
Cumulative WAL: 0 writes, 0 syncs, 0.00 writes per sync, written: 0.00 GB, 0.00 MB/s
Cumulative stall: 00:00:0.000 H:M:S, 0.0 percent
Interval writes: 0 writes, 0 keys, 0 commit groups, 0.0 writes per commit group, ingest: 0.00 MB, 0.00 MB/s
Interval WAL: 0 writes, 0 syncs, 0.00 writes per sync, written: 0.00 GB, 0.00 MB/s
Interval stall: 00:00:0.000 H:M:S, 0.0 percent

** Compaction Stats [default] **
Level    Files   Size     Score Read(GB)  Rn(GB) Rnp1(GB) Write(GB) Wnew(GB) Moved(GB) W-Amp Rd(MB/s) Wr(MB/s) Comp(sec) CompMergeCPU(sec) Comp(cnt) Avg(sec) KeyIn KeyDrop Rblob(GB) Wblob(GB)
------------------------------------------------------------------------------------------------------------------------------------------------------------------------------------------------
 Sum      0/0    0.00 KB   0.0      0.0     0.0      0.0       0.0      0.0       0.0   0.0      0.0      0.0      0.00              0.00         0    0.000       0      0       0.0       0.0
 Int      0/0    0.00 KB   0.0      0.0     0.0      0.0       0.0      0.0       0.0   0.0      0.0      0.0      0.00              0.00         0    0.000       0      0       0.0       0.0

** Compaction Stats [default] **
Priority    Files   Size     Score Read(GB)  Rn(GB) Rnp1(GB) Write(GB) Wnew(GB) Moved(GB) W-Amp Rd(MB/s) Wr(MB/s) Comp(sec) CompMergeCPU(sec) Comp(cnt) Avg(sec) KeyIn KeyDrop Rblob(GB) Wblob(GB)
---------------------------------------------------------------------------------------------------------------------------------------------------------------------------------------------------

Blob file count: 0, total size: 0.0 GB

Uptime(secs): 3298.6 total, 1046.0 interval
Flush(GB): cumulative 0.000, interval 0.000
AddFile(GB): cumulative 0.000, interval 0.000
AddFile(Total Files): cumulative 0, interval 0
AddFile(L0 Files): cumulative 0, interval 0
AddFile(Keys): cumulative 0, interval 0
Cumulative compaction: 0.00 GB write, 0.00 MB/s write, 0.00 GB read, 0.00 MB/s read, 0.0 seconds
Interval compaction: 0.00 GB write, 0.00 MB/s write, 0.00 GB read, 0.00 MB/s read, 0.0 seconds
Stalls(count): 0 level0_slowdown, 0 level0_slowdown_with_compaction, 0 level0_numfiles, 0 level0_numfiles_with_compaction, 0 stop for pending_compaction_bytes, 0 slowdown for pending_compaction_bytes, 0 memtable_compaction, 0 memtable_slowdown, interval 0 total count
Block cache LRUCache@0x13a791618 capacity: 256.00 MB collections: 3 last_copies: 0 last_secs: 0.000172 secs_since: 0
Block cache entry stats(count,size,portion): Misc(1,0.00 KB,0%)

** File Read Latency Histogram By Level [default] **
2022/06/12-01:58:39.372910 31cb3a000 [db/db_impl/db_impl.cc:978] ------- DUMPING STATS -------
2022/06/12-01:58:39.372935 31cb3a000 [db/db_impl/db_impl.cc:979] 
** DB Stats **
Uptime(secs): 5267.7 total, 1969.1 interval
Cumulative writes: 0 writes, 0 keys, 0 commit groups, 0.0 writes per commit group, ingest: 0.00 GB, 0.00 MB/s
Cumulative WAL: 0 writes, 0 syncs, 0.00 writes per sync, written: 0.00 GB, 0.00 MB/s
Cumulative stall: 00:00:0.000 H:M:S, 0.0 percent
Interval writes: 0 writes, 0 keys, 0 commit groups, 0.0 writes per commit group, ingest: 0.00 MB, 0.00 MB/s
Interval WAL: 0 writes, 0 syncs, 0.00 writes per sync, written: 0.00 GB, 0.00 MB/s
Interval stall: 00:00:0.000 H:M:S, 0.0 percent

** Compaction Stats [default] **
Level    Files   Size     Score Read(GB)  Rn(GB) Rnp1(GB) Write(GB) Wnew(GB) Moved(GB) W-Amp Rd(MB/s) Wr(MB/s) Comp(sec) CompMergeCPU(sec) Comp(cnt) Avg(sec) KeyIn KeyDrop Rblob(GB) Wblob(GB)
------------------------------------------------------------------------------------------------------------------------------------------------------------------------------------------------
 Sum      0/0    0.00 KB   0.0      0.0     0.0      0.0       0.0      0.0       0.0   0.0      0.0      0.0      0.00              0.00         0    0.000       0      0       0.0       0.0
 Int      0/0    0.00 KB   0.0      0.0     0.0      0.0       0.0      0.0       0.0   0.0      0.0      0.0      0.00              0.00         0    0.000       0      0       0.0       0.0

** Compaction Stats [default] **
Priority    Files   Size     Score Read(GB)  Rn(GB) Rnp1(GB) Write(GB) Wnew(GB) Moved(GB) W-Amp Rd(MB/s) Wr(MB/s) Comp(sec) CompMergeCPU(sec) Comp(cnt) Avg(sec) KeyIn KeyDrop Rblob(GB) Wblob(GB)
---------------------------------------------------------------------------------------------------------------------------------------------------------------------------------------------------

Blob file count: 0, total size: 0.0 GB

Uptime(secs): 5267.7 total, 1969.1 interval
Flush(GB): cumulative 0.000, interval 0.000
AddFile(GB): cumulative 0.000, interval 0.000
AddFile(Total Files): cumulative 0, interval 0
AddFile(L0 Files): cumulative 0, interval 0
AddFile(Keys): cumulative 0, interval 0
Cumulative compaction: 0.00 GB write, 0.00 MB/s write, 0.00 GB read, 0.00 MB/s read, 0.0 seconds
Interval compaction: 0.00 GB write, 0.00 MB/s write, 0.00 GB read, 0.00 MB/s read, 0.0 seconds
Stalls(count): 0 level0_slowdown, 0 level0_slowdown_with_compaction, 0 level0_numfiles, 0 level0_numfiles_with_compaction, 0 stop for pending_compaction_bytes, 0 slowdown for pending_compaction_bytes, 0 memtable_compaction, 0 memtable_slowdown, interval 0 total count
Block cache LRUCache@0x13a791618 capacity: 256.00 MB collections: 4 last_copies: 0 last_secs: 7.5e-05 secs_since: 0
Block cache entry stats(count,size,portion): Misc(1,0.00 KB,0%)

** File Read Latency Histogram By Level [default] **
2022/06/12-02:15:06.407830 31cb3a000 [db/db_impl/db_impl.cc:978] ------- DUMPING STATS -------
2022/06/12-02:15:06.407891 31cb3a000 [db/db_impl/db_impl.cc:979] 
** DB Stats **
Uptime(secs): 6254.7 total, 987.0 interval
Cumulative writes: 0 writes, 0 keys, 0 commit groups, 0.0 writes per commit group, ingest: 0.00 GB, 0.00 MB/s
Cumulative WAL: 0 writes, 0 syncs, 0.00 writes per sync, written: 0.00 GB, 0.00 MB/s
Cumulative stall: 00:00:0.000 H:M:S, 0.0 percent
Interval writes: 0 writes, 0 keys, 0 commit groups, 0.0 writes per commit group, ingest: 0.00 MB, 0.00 MB/s
Interval WAL: 0 writes, 0 syncs, 0.00 writes per sync, written: 0.00 GB, 0.00 MB/s
Interval stall: 00:00:0.000 H:M:S, 0.0 percent

** Compaction Stats [default] **
Level    Files   Size     Score Read(GB)  Rn(GB) Rnp1(GB) Write(GB) Wnew(GB) Moved(GB) W-Amp Rd(MB/s) Wr(MB/s) Comp(sec) CompMergeCPU(sec) Comp(cnt) Avg(sec) KeyIn KeyDrop Rblob(GB) Wblob(GB)
------------------------------------------------------------------------------------------------------------------------------------------------------------------------------------------------
 Sum      0/0    0.00 KB   0.0      0.0     0.0      0.0       0.0      0.0       0.0   0.0      0.0      0.0      0.00              0.00         0    0.000       0      0       0.0       0.0
 Int      0/0    0.00 KB   0.0      0.0     0.0      0.0       0.0      0.0       0.0   0.0      0.0      0.0      0.00              0.00         0    0.000       0      0       0.0       0.0

** Compaction Stats [default] **
Priority    Files   Size     Score Read(GB)  Rn(GB) Rnp1(GB) Write(GB) Wnew(GB) Moved(GB) W-Amp Rd(MB/s) Wr(MB/s) Comp(sec) CompMergeCPU(sec) Comp(cnt) Avg(sec) KeyIn KeyDrop Rblob(GB) Wblob(GB)
---------------------------------------------------------------------------------------------------------------------------------------------------------------------------------------------------

Blob file count: 0, total size: 0.0 GB

Uptime(secs): 6254.7 total, 987.0 interval
Flush(GB): cumulative 0.000, interval 0.000
AddFile(GB): cumulative 0.000, interval 0.000
AddFile(Total Files): cumulative 0, interval 0
AddFile(L0 Files): cumulative 0, interval 0
AddFile(Keys): cumulative 0, interval 0
Cumulative compaction: 0.00 GB write, 0.00 MB/s write, 0.00 GB read, 0.00 MB/s read, 0.0 seconds
Interval compaction: 0.00 GB write, 0.00 MB/s write, 0.00 GB read, 0.00 MB/s read, 0.0 seconds
Stalls(count): 0 level0_slowdown, 0 level0_slowdown_with_compaction, 0 level0_numfiles, 0 level0_numfiles_with_compaction, 0 stop for pending_compaction_bytes, 0 slowdown for pending_compaction_bytes, 0 memtable_compaction, 0 memtable_slowdown, interval 0 total count
Block cache LRUCache@0x13a791618 capacity: 256.00 MB collections: 5 last_copies: 0 last_secs: 0.000166 secs_since: 0
Block cache entry stats(count,size,portion): Misc(1,0.00 KB,0%)

** File Read Latency Histogram By Level [default] **
2022/06/12-02:32:06.413596 31cb3a000 [db/db_impl/db_impl.cc:978] ------- DUMPING STATS -------
2022/06/12-02:32:06.413615 31cb3a000 [db/db_impl/db_impl.cc:979] 
** DB Stats **
Uptime(secs): 7274.7 total, 1020.0 interval
Cumulative writes: 0 writes, 0 keys, 0 commit groups, 0.0 writes per commit group, ingest: 0.00 GB, 0.00 MB/s
Cumulative WAL: 0 writes, 0 syncs, 0.00 writes per sync, written: 0.00 GB, 0.00 MB/s
Cumulative stall: 00:00:0.000 H:M:S, 0.0 percent
Interval writes: 0 writes, 0 keys, 0 commit groups, 0.0 writes per commit group, ingest: 0.00 MB, 0.00 MB/s
Interval WAL: 0 writes, 0 syncs, 0.00 writes per sync, written: 0.00 GB, 0.00 MB/s
Interval stall: 00:00:0.000 H:M:S, 0.0 percent

** Compaction Stats [default] **
Level    Files   Size     Score Read(GB)  Rn(GB) Rnp1(GB) Write(GB) Wnew(GB) Moved(GB) W-Amp Rd(MB/s) Wr(MB/s) Comp(sec) CompMergeCPU(sec) Comp(cnt) Avg(sec) KeyIn KeyDrop Rblob(GB) Wblob(GB)
------------------------------------------------------------------------------------------------------------------------------------------------------------------------------------------------
 Sum      0/0    0.00 KB   0.0      0.0     0.0      0.0       0.0      0.0       0.0   0.0      0.0      0.0      0.00              0.00         0    0.000       0      0       0.0       0.0
 Int      0/0    0.00 KB   0.0      0.0     0.0      0.0       0.0      0.0       0.0   0.0      0.0      0.0      0.00              0.00         0    0.000       0      0       0.0       0.0

** Compaction Stats [default] **
Priority    Files   Size     Score Read(GB)  Rn(GB) Rnp1(GB) Write(GB) Wnew(GB) Moved(GB) W-Amp Rd(MB/s) Wr(MB/s) Comp(sec) CompMergeCPU(sec) Comp(cnt) Avg(sec) KeyIn KeyDrop Rblob(GB) Wblob(GB)
---------------------------------------------------------------------------------------------------------------------------------------------------------------------------------------------------

Blob file count: 0, total size: 0.0 GB

Uptime(secs): 7274.7 total, 1020.0 interval
Flush(GB): cumulative 0.000, interval 0.000
AddFile(GB): cumulative 0.000, interval 0.000
AddFile(Total Files): cumulative 0, interval 0
AddFile(L0 Files): cumulative 0, interval 0
AddFile(Keys): cumulative 0, interval 0
Cumulative compaction: 0.00 GB write, 0.00 MB/s write, 0.00 GB read, 0.00 MB/s read, 0.0 seconds
Interval compaction: 0.00 GB write, 0.00 MB/s write, 0.00 GB read, 0.00 MB/s read, 0.0 seconds
Stalls(count): 0 level0_slowdown, 0 level0_slowdown_with_compaction, 0 level0_numfiles, 0 level0_numfiles_with_compaction, 0 stop for pending_compaction_bytes, 0 slowdown for pending_compaction_bytes, 0 memtable_compaction, 0 memtable_slowdown, interval 0 total count
Block cache LRUCache@0x13a791618 capacity: 256.00 MB collections: 6 last_copies: 0 last_secs: 3.6e-05 secs_since: 0
Block cache entry stats(count,size,portion): Misc(1,0.00 KB,0%)

** File Read Latency Histogram By Level [default] **
2022/06/12-03:05:37.461049 31cb3a000 [db/db_impl/db_impl.cc:978] ------- DUMPING STATS -------
2022/06/12-03:05:37.461109 31cb3a000 [db/db_impl/db_impl.cc:979] 
** DB Stats **
Uptime(secs): 9285.8 total, 2011.0 interval
Cumulative writes: 0 writes, 0 keys, 0 commit groups, 0.0 writes per commit group, ingest: 0.00 GB, 0.00 MB/s
Cumulative WAL: 0 writes, 0 syncs, 0.00 writes per sync, written: 0.00 GB, 0.00 MB/s
Cumulative stall: 00:00:0.000 H:M:S, 0.0 percent
Interval writes: 0 writes, 0 keys, 0 commit groups, 0.0 writes per commit group, ingest: 0.00 MB, 0.00 MB/s
Interval WAL: 0 writes, 0 syncs, 0.00 writes per sync, written: 0.00 GB, 0.00 MB/s
Interval stall: 00:00:0.000 H:M:S, 0.0 percent

** Compaction Stats [default] **
Level    Files   Size     Score Read(GB)  Rn(GB) Rnp1(GB) Write(GB) Wnew(GB) Moved(GB) W-Amp Rd(MB/s) Wr(MB/s) Comp(sec) CompMergeCPU(sec) Comp(cnt) Avg(sec) KeyIn KeyDrop Rblob(GB) Wblob(GB)
------------------------------------------------------------------------------------------------------------------------------------------------------------------------------------------------
 Sum      0/0    0.00 KB   0.0      0.0     0.0      0.0       0.0      0.0       0.0   0.0      0.0      0.0      0.00              0.00         0    0.000       0      0       0.0       0.0
 Int      0/0    0.00 KB   0.0      0.0     0.0      0.0       0.0      0.0       0.0   0.0      0.0      0.0      0.00              0.00         0    0.000       0      0       0.0       0.0

** Compaction Stats [default] **
Priority    Files   Size     Score Read(GB)  Rn(GB) Rnp1(GB) Write(GB) Wnew(GB) Moved(GB) W-Amp Rd(MB/s) Wr(MB/s) Comp(sec) CompMergeCPU(sec) Comp(cnt) Avg(sec) KeyIn KeyDrop Rblob(GB) Wblob(GB)
---------------------------------------------------------------------------------------------------------------------------------------------------------------------------------------------------

Blob file count: 0, total size: 0.0 GB

Uptime(secs): 9285.8 total, 2011.0 interval
Flush(GB): cumulative 0.000, interval 0.000
AddFile(GB): cumulative 0.000, interval 0.000
AddFile(Total Files): cumulative 0, interval 0
AddFile(L0 Files): cumulative 0, interval 0
AddFile(Keys): cumulative 0, interval 0
Cumulative compaction: 0.00 GB write, 0.00 MB/s write, 0.00 GB read, 0.00 MB/s read, 0.0 seconds
Interval compaction: 0.00 GB write, 0.00 MB/s write, 0.00 GB read, 0.00 MB/s read, 0.0 seconds
Stalls(count): 0 level0_slowdown, 0 level0_slowdown_with_compaction, 0 level0_numfiles, 0 level0_numfiles_with_compaction, 0 stop for pending_compaction_bytes, 0 slowdown for pending_compaction_bytes, 0 memtable_compaction, 0 memtable_slowdown, interval 0 total count
Block cache LRUCache@0x13a791618 capacity: 256.00 MB collections: 7 last_copies: 0 last_secs: 0.000181 secs_since: 0
Block cache entry stats(count,size,portion): Misc(1,0.00 KB,0%)

** File Read Latency Histogram By Level [default] **
2022/06/12-03:22:23.507973 31cb3a000 [db/db_impl/db_impl.cc:978] ------- DUMPING STATS -------
2022/06/12-03:22:23.507988 31cb3a000 [db/db_impl/db_impl.cc:979] 
** DB Stats **
Uptime(secs): 10291.8 total, 1006.0 interval
